10
0 1 1
0 2 1
0 4 1
1 3 1
4 2 1
10
2 3 1
2 4 1
1 0 1
0 4 1
1 4 1
10
3 4 1
3 1 1
3 2 1
3 0 1
0 2 1
2 1 1
10
4 3 1
4 2 1
0 2 1
0 1 1
3 1 1
10
3 0 1
4 0 1
2 1 1
1 3 1
3 2 1
10
2 0 1
2 4 1
2 3 1
1 0 1
0 4 1
10
0 1 1
0 2 1
0 3 1
0 4 1
1 2 1
1 3 1
1 4 1
2 3 1
2 4 1
3 4 1
10
4 2 1
3 1 1
2 0 1
0 1 1
3 2 1
1 4 1
10
0 2 1
1 2 1
3 4 1
4 1 1
2 1 1
4 0 1
10
0 1 1
0 2 1
0 4 1
1 3 1
4 2 1
10
5 6 1
5 7 1
5 8 1
5 9 1
6 7 1
6 8 1
6 9 1
7 8 1
7 9 1
8 9 1
10
5 6 1
5 7 1
5 8 1
6 7 1
9 6 1
7 6 1
10
6 7 1
7 8 1
8 9 1
9 6 1
9 5 1
9 7 1
10
7 5 1
5 9 1
8 9 1
7 6 1
6 9 1
7 8 1
10
7 9 1
8 9 1
8 5 1
8 6 1
8 7 1
7 5 1
10
7 5 1
5 9 1
9 8 1
7 6 1
6 7 1
7 8 1
10
7 8 1
8 9 1
8 6 1
9 5 1
5 7 1
7 6 1
10
9 5 1
9 6 1
9 8 1
7 8 1
7 5 1
7 6 1
10
6 7 1
8 6 1
9 6 1
9 8 1
7 5 1
6 8 1
10
5 6 1
5 7 1
5 8 1
6 7 1
9 6 1
7 6 1
